11
0 41 61 54 81 26 45 69 24 91 47 
41 0 8 63 9 13 25 10 33 56 81 
61 8 0 16 19 48 22 21 99 86 7 
54 63 16 0 55 84 31 67 95 34 10 
81 9 19 55 0 50 35 99 28 7 46 
26 13 48 84 50 0 78 89 63 63 97 
45 25 22 31 35 78 0 82 58 100 19 
69 10 21 67 99 89 82 0 92 37 66 
24 33 99 95 28 63 58 92 0 19 27 
91 56 86 34 7 63 100 37 19 0 88 
47 81 7 10 46 97 19 66 27 88 0 
